% -------------------------------------------------------------------
%  Generated by MATLAB on 17-Oct-2019 02:16:53
%  MATLAB version: 9.4.0.813654 (R2018a)
% -------------------------------------------------------------------
                                          

bestPath = [33 34 31 24 21 11 10 2 4 5 1 9 15 27 35 38 37 43 50 49 42 39 ...
            41 45 44 47 46 48 40 36 32 29 30 26 23 19 16 22 28 20 17 14 ...
            13 8 7 3 6 12 18 25];

